,Año,Trimestre,Provincia,Accesos por cada 100 hogares
0,2023,4,Buenos Aires,80.96
1,2023,4,Capital Federal,117.02
2,2023,4,Catamarca,68.63
3,2023,4,Chaco,44.35
4,2023,4,Chubut,84.96
5,2023,4,Córdoba,90.67
6,2023,4,Corrientes,52.56
7,2023,4,Entre Ríos,69.94
8,2023,4,Formosa,39.23
9,2023,4,Jujuy,57.78
10,2023,4,La Pampa,99.96
11,2023,4,La Rioja,80.22
12,2023,4,Mendoza,52.15
13,2023,4,Misiones,56.27
14,2023,4,Neuquén,79.91
15,2023,4,Río Negro,70.26
16,2023,4,Salta,56.98
17,2023,4,San Juan,50.08
18,2023,4,San Luis,102.07
19,2023,4,Santa Cruz,73.75
20,2023,4,Santa Fe,79.75
21,2023,4,Santiago Del Estero,49.08
22,2023,4,Tierra Del Fuego,110.49
23,2023,4,Tucumán,61.04
24,2023,3,Buenos Aires,80.64
25,2023,3,Capital Federal,116.4
26,2023,3,Catamarca,68.55
27,2023,3,Chaco,42.87
28,2023,3,Chubut,84.23
29,2023,3,Córdoba,90.05
30,2023,3,Corrientes,52.78
31,2023,3,Entre Ríos,68.84
32,2023,3,Formosa,38.86
33,2023,3,Jujuy,57.61
34,2023,3,La Pampa,99.0
35,2023,3,La Rioja,80.44
36,2023,3,Mendoza,52.03
37,2023,3,Misiones,55.51
38,2023,3,Neuquén,79.97
39,2023,3,Río Negro,68.4
40,2023,3,Salta,57.57
41,2023,3,San Juan,50.45
42,2023,3,San Luis,98.55
43,2023,3,Santa Cruz,40.89
44,2023,3,Santa Fe,79.09
45,2023,3,Santiago Del Estero,48.67
46,2023,3,Tierra Del Fuego,105.95
47,2023,3,Tucumán,61.26
48,2023,2,Buenos Aires,79.67
49,2023,2,Capital Federal,115.48
50,2023,2,Catamarca,67.42
51,2023,2,Chaco,42.87
52,2023,2,Chubut,82.49
53,2023,2,Córdoba,90.13
54,2023,2,Corrientes,52.37
55,2023,2,Entre Ríos,64.43
56,2023,2,Formosa,38.32
57,2023,2,Jujuy,57.78
58,2023,2,La Pampa,98.35
59,2023,2,La Rioja,80.01
60,2023,2,Mendoza,52.09
61,2023,2,Misiones,55.18
62,2023,2,Neuquén,78.97
63,2023,2,Río Negro,68.56
64,2023,2,Salta,57.48
65,2023,2,San Juan,47.52
66,2023,2,San Luis,93.41
67,2023,2,Santa Cruz,41.66
68,2023,2,Santa Fe,78.83
69,2023,2,Santiago Del Estero,47.14
70,2023,2,Tierra Del Fuego,106.38
71,2023,2,Tucumán,60.75
72,2023,1,Buenos Aires,79.0
73,2023,1,Capital Federal,122.59
74,2023,1,Catamarca,66.17
75,2023,1,Chaco,43.15
76,2023,1,Chubut,85.89
77,2023,1,Córdoba,88.84
78,2023,1,Corrientes,52.05
79,2023,1,Entre Ríos,64.79
80,2023,1,Formosa,38.79
81,2023,1,Jujuy,58.2
82,2023,1,La Pampa,96.55
83,2023,1,La Rioja,79.74
84,2023,1,Mendoza,51.4
85,2023,1,Misiones,53.97
86,2023,1,Neuquén,78.55
87,2023,1,Río Negro,69.16
88,2023,1,Salta,57.67
89,2023,1,San Juan,49.75
90,2023,1,San Luis,90.17
91,2023,1,Santa Cruz,43.42
92,2023,1,Santa Fe,78.13
93,2023,1,Santiago Del Estero,47.55
94,2023,1,Tierra Del Fuego,104.23
95,2023,1,Tucumán,60.34
96,2022,4,Buenos Aires,78.94
97,2022,4,Capital Federal,122.73
98,2022,4,Catamarca,65.77
99,2022,4,Chaco,43.62
100,2022,4,Chubut,85.57
101,2022,4,Córdoba,89.03
102,2022,4,Corrientes,51.64
103,2022,4,Entre Ríos,64.01
104,2022,4,Formosa,39.41
105,2022,4,Jujuy,58.46
106,2022,4,La Pampa,94.8
107,2022,4,La Rioja,79.86
108,2022,4,Mendoza,51.36
109,2022,4,Misiones,52.85
110,2022,4,Neuquén,78.67
111,2022,4,Río Negro,68.42
112,2022,4,Salta,57.96
113,2022,4,San Juan,50.88
114,2022,4,San Luis,90.27
115,2022,4,Santa Cruz,43.53
116,2022,4,Santa Fe,78.4
117,2022,4,Santiago Del Estero,48.05
118,2022,4,Tierra Del Fuego,101.44
119,2022,4,Tucumán,61.04
120,2022,3,Buenos Aires,78.11
121,2022,3,Capital Federal,122.28
122,2022,3,Catamarca,65.33
123,2022,3,Chaco,43.86
124,2022,3,Chubut,84.38
125,2022,3,Córdoba,88.31
126,2022,3,Corrientes,48.21
127,2022,3,Entre Ríos,63.67
128,2022,3,Formosa,43.76
129,2022,3,Jujuy,58.91
130,2022,3,La Pampa,96.59
131,2022,3,La Rioja,80.66
132,2022,3,Mendoza,51.03
133,2022,3,Misiones,51.82
134,2022,3,Neuquén,80.37
135,2022,3,Río Negro,67.98
136,2022,3,Salta,57.76
137,2022,3,San Juan,50.8
138,2022,3,San Luis,81.74
139,2022,3,Santa Cruz,43.19
140,2022,3,Santa Fe,78.55
141,2022,3,Santiago Del Estero,47.98
142,2022,3,Tierra Del Fuego,99.51
143,2022,3,Tucumán,61.14
144,2022,2,Buenos Aires,77.58
145,2022,2,Capital Federal,121.31
146,2022,2,Catamarca,62.4
147,2022,2,Chaco,43.79
148,2022,2,Chubut,83.19
149,2022,2,Córdoba,87.48
150,2022,2,Corrientes,48.35
151,2022,2,Entre Ríos,63.9
152,2022,2,Formosa,43.42
153,2022,2,Jujuy,57.32
154,2022,2,La Pampa,92.98
155,2022,2,La Rioja,80.14
156,2022,2,Mendoza,49.39
157,2022,2,Misiones,51.0
158,2022,2,Neuquén,80.02
159,2022,2,Río Negro,67.85
160,2022,2,Salta,57.54
161,2022,2,San Juan,49.46
162,2022,2,San Luis,81.76
163,2022,2,Santa Cruz,43.15
164,2022,2,Santa Fe,77.9
165,2022,2,Santiago Del Estero,47.7
166,2022,2,Tierra Del Fuego,99.86
167,2022,2,Tucumán,59.31
168,2022,1,Buenos Aires,76.07814661157262
169,2022,1,Capital Federal,111.79786269174652
170,2022,1,Catamarca,58.20635083561171
171,2022,1,Chaco,44.05948009941883
172,2022,1,Chubut,88.05274093835774
173,2022,1,Córdoba,85.75745356313551
174,2022,1,Corrientes,47.644635141502334
175,2022,1,Entre Ríos,63.70090347123158
176,2022,1,Formosa,34.955686995751336
177,2022,1,Jujuy,58.06462866426784
178,2022,1,La Pampa,91.66332531408715
179,2022,1,La Rioja,78.77459866564503
180,2022,1,Mendoza,48.73524093558345
181,2022,1,Misiones,49.04334199772953
182,2022,1,Neuquén,74.17305509992715
183,2022,1,Río Negro,67.03640754987029
184,2022,1,Salta,56.10759340849759
185,2022,1,San Juan,43.54598160933163
186,2022,1,San Luis,80.72423060601774
187,2022,1,Santa Cruz,43.33842311053054
188,2022,1,Santa Fe,77.30458474758402
189,2022,1,Santiago Del Estero,47.17273839324049
190,2022,1,Tierra Del Fuego,98.29055038672794
191,2022,1,Tucumán,57.39003227231194
192,2021,4,Buenos Aires,75.66410602338475
193,2021,4,Capital Federal,111.27002612891737
194,2021,4,Catamarca,55.2526999859741
195,2021,4,Chaco,44.04856389025934
196,2021,4,Chubut,82.57340063871433
197,2021,4,Córdoba,84.50941853046088
198,2021,4,Corrientes,45.51016102946347
199,2021,4,Entre Ríos,63.155361436165784
200,2021,4,Formosa,34.4545746388443
201,2021,4,Jujuy,56.921070514870486
202,2021,4,La Pampa,89.56734270241313
203,2021,4,La Rioja,77.9234900964576
204,2021,4,Mendoza,47.505317090317746
205,2021,4,Misiones,49.06462073058497
206,2021,4,Neuquén,73.30016254020012
207,2021,4,Río Negro,65.69489961160652
208,2021,4,Salta,56.81442605762217
209,2021,4,San Juan,39.588851864871685
210,2021,4,San Luis,80.29578283135379
211,2021,4,Santa Cruz,43.05121466117346
212,2021,4,Santa Fe,77.08920179439227
213,2021,4,Santiago Del Estero,47.0459491943867
214,2021,4,Tierra Del Fuego,98.40061644865433
215,2021,4,Tucumán,55.92599102424391
216,2021,3,Buenos Aires,71.68218940101933
217,2021,3,Capital Federal,111.27105514250894
218,2021,3,Catamarca,52.709793486001274
219,2021,3,Chaco,42.96241007967663
220,2021,3,Chubut,80.70973847657562
221,2021,3,Córdoba,81.2845665540848
222,2021,3,Corrientes,44.90088312664412
223,2021,3,Entre Ríos,62.17940145385769
224,2021,3,Formosa,33.962033540684324
225,2021,3,Jujuy,55.6892647441935
226,2021,3,La Pampa,84.27996309653611
227,2021,3,La Rioja,77.26016061386845
228,2021,3,Mendoza,45.54828468056102
229,2021,3,Misiones,45.57065365808786
230,2021,3,Neuquén,69.70653344501615
231,2021,3,Río Negro,61.967213114754095
232,2021,3,Salta,55.964278059584196
233,2021,3,San Juan,39.4554480019856
234,2021,3,San Luis,79.87043349212911
235,2021,3,Santa Cruz,43.74732028012005
236,2021,3,Santa Fe,75.01704762728227
237,2021,3,Santiago Del Estero,47.0
238,2021,3,Tierra Del Fuego,94.95386825985027
239,2021,3,Tucumán,54.63604486100796
240,2021,2,Buenos Aires,70.00330336027972
241,2021,2,Capital Federal,110.14440203212098
242,2021,2,Catamarca,52.34030966263861
243,2021,2,Chaco,43.32762729293539
244,2021,2,Chubut,72.29410481936469
245,2021,2,Córdoba,80.11518795931242
246,2021,2,Corrientes,43.5411637336848
247,2021,2,Entre Ríos,61.660264464787886
248,2021,2,Formosa,33.22548419322613
249,2021,2,Jujuy,56.182157011467694
250,2021,2,La Pampa,82.08000672325404
251,2021,2,La Rioja,76.9786615851933
252,2021,2,Mendoza,40.97324182617088
253,2021,2,Misiones,45.0128113119994
254,2021,2,Neuquén,69.14021084638621
255,2021,2,Río Negro,61.94204057417748
256,2021,2,Salta,54.930090174788894
257,2021,2,San Juan,39.28402570062062
258,2021,2,San Luis,83.47810720063075
259,2021,2,Santa Cruz,44.01491665543425
260,2021,2,Santa Fe,75.06878626293008
261,2021,2,Santiago Del Estero,46.557275364921054
262,2021,2,Tierra Del Fuego,67.88580775229184
263,2021,2,Tucumán,54.928196510348045
264,2021,1,Buenos Aires,69.10524076185938
265,2021,1,Capital Federal,108.4199392232935
266,2021,1,Catamarca,48.899092927848244
267,2021,1,Chaco,43.13649241708794
268,2021,1,Chubut,68.9942808881567
269,2021,1,Córdoba,78.59028062380018
270,2021,1,Corrientes,42.664128438821415
271,2021,1,Entre Ríos,60.439449728342346
272,2021,1,Formosa,32.732955756327215
273,2021,1,Jujuy,55.63244789620541
274,2021,1,La Pampa,81.77676345752207
275,2021,1,La Rioja,49.80693519079345
276,2021,1,Mendoza,39.153661528996416
277,2021,1,Misiones,43.172438905971845
278,2021,1,Neuquén,66.84208942045272
279,2021,1,Río Negro,60.87924030325769
280,2021,1,Salta,53.93001926339093
281,2021,1,San Juan,39.055194335357605
282,2021,1,San Luis,81.23730177127507
283,2021,1,Santa Cruz,41.64783103990742
284,2021,1,Santa Fe,73.91656407026184
285,2021,1,Santiago Del Estero,45.67308282365455
286,2021,1,Tierra Del Fuego,77.34935609177366
287,2021,1,Tucumán,54.81892254125389
288,2020,4,Buenos Aires,68.97702220170737
289,2020,4,Capital Federal,108.31107489043508
290,2020,4,Catamarca,49.40688354549741
291,2020,4,Chaco,43.030788649779105
292,2020,4,Chubut,68.35189915825622
293,2020,4,Córdoba,78.07960876338194
294,2020,4,Corrientes,42.42828394694903
295,2020,4,Entre Ríos,59.47430676097378
296,2020,4,Formosa,32.487381907596735
297,2020,4,Jujuy,53.45659123390888
298,2020,4,La Pampa,81.76793248945148
299,2020,4,La Rioja,50.11061211701148
300,2020,4,Mendoza,38.62957896227819
301,2020,4,Misiones,42.64411416119227
302,2020,4,Neuquén,67.00234522048092
303,2020,4,Río Negro,61.088615480454756
304,2020,4,Salta,54.04275200147659
305,2020,4,San Juan,36.32088215575813
306,2020,4,San Luis,81.67947806105701
307,2020,4,Santa Cruz,36.99957245908797
308,2020,4,Santa Fe,73.58073807267776
309,2020,4,Santiago Del Estero,43.749256620689934
310,2020,4,Tierra Del Fuego,76.26583496977399
311,2020,4,Tucumán,54.78340441369959
312,2020,3,Buenos Aires,67.65618983090923
313,2020,3,Capital Federal,107.6759011657323
314,2020,3,Catamarca,47.15709898417198
315,2020,3,Chaco,41.54192057806515
316,2020,3,Chubut,68.34389815720037
317,2020,3,Córdoba,75.22035723669207
318,2020,3,Corrientes,41.750749470464434
319,2020,3,Entre Ríos,58.1901640924315
320,2020,3,Formosa,31.905623310186538
321,2020,3,Jujuy,54.04441923820905
322,2020,3,La Pampa,79.26447706670275
323,2020,3,La Rioja,50.118113236302676
324,2020,3,Mendoza,37.348633137232696
325,2020,3,Misiones,41.60448628544863
326,2020,3,Neuquén,65.24417025530218
327,2020,3,Río Negro,57.052405915845014
328,2020,3,Salta,52.31571212848803
329,2020,3,San Juan,38.78995525412846
330,2020,3,San Luis,79.96172209417188
331,2020,3,Santa Cruz,35.95152890784452
332,2020,3,Santa Fe,72.12060247348236
333,2020,3,Santiago Del Estero,43.37593131691913
334,2020,3,Tierra Del Fuego,76.80909583946696
335,2020,3,Tucumán,53.2281495112899
336,2020,2,Buenos Aires,65.2205801358229
337,2020,2,Capital Federal,106.41480599073645
338,2020,2,Catamarca,45.43181818181818
339,2020,2,Chaco,39.83250279006581
340,2020,2,Chubut,57.344613387235526
341,2020,2,Córdoba,72.71358531242393
342,2020,2,Corrientes,40.30476267979574
343,2020,2,Entre Ríos,56.538654739709614
344,2020,2,Formosa,31.1394362262631
345,2020,2,Jujuy,47.887810227872784
346,2020,2,La Pampa,76.10158288987562
347,2020,2,La Rioja,49.83993501839552
348,2020,2,Mendoza,36.25224342110005
349,2020,2,Misiones,40.88779600969606
350,2020,2,Neuquén,63.898469033764314
351,2020,2,Río Negro,56.369335248791955
352,2020,2,Salta,51.58158335340357
353,2020,2,San Juan,35.09485776365026
354,2020,2,San Luis,78.4096773527651
355,2020,2,Santa Cruz,35.79262396979603
356,2020,2,Santa Fe,70.002168637187
357,2020,2,Santiago Del Estero,43.46716682468362
358,2020,2,Tierra Del Fuego,76.36948260742473
359,2020,2,Tucumán,51.78074091030483
360,2020,1,Buenos Aires,64.32563101743429
361,2020,1,Capital Federal,105.98017414181909
362,2020,1,Catamarca,37.615427687460254
363,2020,1,Chaco,37.483833369172615
364,2020,1,Chubut,51.26848941909703
365,2020,1,Córdoba,70.6880744339108
366,2020,1,Corrientes,38.729079942230904
367,2020,1,Entre Ríos,56.12006051437216
368,2020,1,Formosa,30.228303962606848
369,2020,1,Jujuy,46.670230639987786
370,2020,1,La Pampa,75.76678781291396
371,2020,1,La Rioja,46.346631384166976
372,2020,1,Mendoza,33.14207670017271
373,2020,1,Misiones,39.01834755171205
374,2020,1,Neuquén,61.84749362355069
375,2020,1,Río Negro,55.11566865962362
376,2020,1,Salta,49.59568027012866
377,2020,1,San Juan,32.392292136304725
378,2020,1,San Luis,76.30854184641933
379,2020,1,Santa Cruz,35.97427628896549
380,2020,1,Santa Fe,69.52357940253133
381,2020,1,Santiago Del Estero,42.466359187991806
382,2020,1,Tierra Del Fuego,76.06964979018785
383,2020,1,Tucumán,47.84792325850032
384,2019,4,Buenos Aires,64.25205288245421
385,2019,4,Capital Federal,106.24546751041055
386,2019,4,Catamarca,36.43842912715547
387,2019,4,Chaco,36.835478630342415
388,2019,4,Chubut,51.145017855147124
389,2019,4,Córdoba,70.48295566244217
390,2019,4,Corrientes,38.767440989262106
391,2019,4,Entre Ríos,57.99221691704514
392,2019,4,Formosa,30.471313480544048
393,2019,4,Jujuy,45.37754633175065
394,2019,4,La Pampa,76.92418969170417
395,2019,4,La Rioja,47.13589011052434
396,2019,4,Mendoza,33.64903072027183
397,2019,4,Misiones,39.78923684048622
398,2019,4,Neuquén,59.35590092822445
399,2019,4,Río Negro,55.70500968287489
400,2019,4,Salta,50.35463892238824
401,2019,4,San Juan,32.85497572815534
402,2019,4,San Luis,74.92002603481464
403,2019,4,Santa Cruz,36.71136308535834
404,2019,4,Santa Fe,69.48235725596862
405,2019,4,Santiago Del Estero,42.92077382358182
406,2019,4,Tierra Del Fuego,79.69536136377089
407,2019,4,Tucumán,47.64902012521289
408,2019,3,Buenos Aires,69.35630106079125
409,2019,3,Capital Federal,112.6453878037209
410,2019,3,Catamarca,30.883614526737205
411,2019,3,Chaco,35.8460309754608
412,2019,3,Chubut,47.56624162293312
413,2019,3,Córdoba,68.59234901069021
414,2019,3,Corrientes,38.48535113586719
415,2019,3,Entre Ríos,57.90009945796624
416,2019,3,Formosa,30.11243299777749
417,2019,3,Jujuy,44.322486842913605
418,2019,3,La Pampa,77.45269423291748
419,2019,3,La Rioja,47.94290512174643
420,2019,3,Mendoza,40.73714258735342
421,2019,3,Misiones,39.33292986744382
422,2019,3,Neuquén,64.13887269491578
423,2019,3,Río Negro,63.42470088700958
424,2019,3,Salta,44.47617792228716
425,2019,3,San Juan,37.06231303554226
426,2019,3,San Luis,85.22608876849344
427,2019,3,Santa Cruz,35.62816097885956
428,2019,3,Santa Fe,68.87178057593026
429,2019,3,Santiago Del Estero,55.30391146854541
430,2019,3,Tierra Del Fuego,96.46210963092378
431,2019,3,Tucumán,39.487600204016815
432,2019,2,Buenos Aires,67.84713982374198
433,2019,2,Capital Federal,110.54556699485231
434,2019,2,Catamarca,32.13095022019278
435,2019,2,Chaco,34.14026097986763
436,2019,2,Chubut,46.98798413626923
437,2019,2,Córdoba,68.07130938789848
438,2019,2,Corrientes,38.15558588418795
439,2019,2,Entre Ríos,57.47823458872391
440,2019,2,Formosa,30.418236006943307
441,2019,2,Jujuy,44.511922790626045
442,2019,2,La Pampa,77.08313750288404
443,2019,2,La Rioja,48.704939144243156
444,2019,2,Mendoza,40.754624235362655
445,2019,2,Misiones,39.14612554169944
446,2019,2,Neuquén,63.080964327674394
447,2019,2,Río Negro,61.0942074999118
448,2019,2,Salta,41.89319832036978
449,2019,2,San Juan,35.59971733748176
450,2019,2,San Luis,81.789994425864
451,2019,2,Santa Cruz,28.846063055322123
452,2019,2,Santa Fe,67.42291993321949
453,2019,2,Santiago Del Estero,52.78997126317105
454,2019,2,Tierra Del Fuego,94.79803428023493
455,2019,2,Tucumán,40.13604621420884
456,2019,1,Buenos Aires,66.24255522736811
457,2019,1,Capital Federal,109.19616455883845
458,2019,1,Catamarca,32.190488956121285
459,2019,1,Chaco,32.635876579429485
460,2019,1,Chubut,42.99773633717796
461,2019,1,Córdoba,65.5173840768055
462,2019,1,Corrientes,35.13498688698812
463,2019,1,Entre Ríos,56.78815996169284
464,2019,1,Formosa,29.677694630431926
465,2019,1,Jujuy,46.40843874036665
466,2019,1,La Pampa,76.35457433780647
467,2019,1,La Rioja,50.184587883262736
468,2019,1,Mendoza,37.657164970282864
469,2019,1,Misiones,36.25716826552349
470,2019,1,Neuquén,58.87800433437489
471,2019,1,Río Negro,53.57164978100252
472,2019,1,Salta,40.09834441771615
473,2019,1,San Juan,31.833058053465464
474,2019,1,San Luis,67.3379373977716
475,2019,1,Santa Cruz,23.66765499676892
476,2019,1,Santa Fe,66.97409094791476
477,2019,1,Santiago Del Estero,37.519416746003905
478,2019,1,Tierra Del Fuego,93.37581922721242
479,2019,1,Tucumán,41.63074443134759
480,2018,4,Buenos Aires,64.60284663484316
481,2018,4,Capital Federal,108.27314997057414
482,2018,4,Catamarca,32.225346166025346
483,2018,4,Chaco,32.59096087632982
484,2018,4,Chubut,42.61093609604538
485,2018,4,Córdoba,65.08926459112368
486,2018,4,Corrientes,34.56627656869549
487,2018,4,Entre Ríos,54.37477348639939
488,2018,4,Formosa,29.73653915732
489,2018,4,Jujuy,46.53226639132679
490,2018,4,La Pampa,73.49404828314209
491,2018,4,La Rioja,50.347993917417234
492,2018,4,Mendoza,37.757783845911696
493,2018,4,Misiones,34.4507488777944
494,2018,4,Neuquén,59.06916926636779
495,2018,4,Río Negro,51.86140345426057
496,2018,4,Salta,39.801610069738146
497,2018,4,San Juan,31.89625207025579
498,2018,4,San Luis,67.55045369760039
499,2018,4,Santa Cruz,23.68919410065612
500,2018,4,Santa Fe,65.58706886191564
501,2018,4,Santiago Del Estero,37.40072595129344
502,2018,4,Tierra Del Fuego,93.59257086207943
503,2018,4,Tucumán,41.75796963877769
504,2018,3,Buenos Aires,64.44056759752046
505,2018,3,Capital Federal,108.44591411021922
506,2018,3,Catamarca,32.91594537411041
507,2018,3,Chaco,32.283100833077576
508,2018,3,Chubut,56.391745852269025
509,2018,3,Córdoba,64.24210026029336
510,2018,3,Corrientes,34.24993887383215
511,2018,3,Entre Ríos,50.222013858377494
512,2018,3,Formosa,29.576573428878444
513,2018,3,Jujuy,23.263700137195517
514,2018,3,La Pampa,71.75023651844843
515,2018,3,La Rioja,50.73304318059562
516,2018,3,Mendoza,37.990597267996215
517,2018,3,Misiones,32.10366641805902
518,2018,3,Neuquén,60.48661674396911
519,2018,3,Río Negro,50.54264808703746
520,2018,3,Salta,39.42741342068409
521,2018,3,San Juan,33.05141650392377
522,2018,3,San Luis,52.35311497551916
523,2018,3,Santa Cruz,32.72785029455932
524,2018,3,Santa Fe,63.4096146162309
525,2018,3,Santiago Del Estero,36.24961697805127
526,2018,3,Tierra Del Fuego,92.77191839394062
527,2018,3,Tucumán,41.68101359528755
528,2018,2,Buenos Aires,62.78226651094991
529,2018,2,Capital Federal,106.53494128146691
530,2018,2,Catamarca,32.8575008674866
531,2018,2,Chaco,31.251704996034892
532,2018,2,Chubut,54.90230333735512
533,2018,2,Córdoba,63.2743661231958
534,2018,2,Corrientes,33.80975390881165
535,2018,2,Entre Ríos,49.20261187052838
536,2018,2,Formosa,29.434226520796997
537,2018,2,Jujuy,23.432202729854474
538,2018,2,La Pampa,71.04033787278055
539,2018,2,La Rioja,50.97789073923241
540,2018,2,Mendoza,36.97287272406129
541,2018,2,Misiones,31.630907682221824
542,2018,2,Neuquén,60.23679161402031
543,2018,2,Río Negro,50.147894623963396
544,2018,2,Salta,39.93719209989731
545,2018,2,San Juan,32.94664884868421
546,2018,2,San Luis,15.150424491351385
547,2018,2,Santa Cruz,33.33236451006607
548,2018,2,Santa Fe,62.57079239957442
549,2018,2,Santiago Del Estero,35.256464211164236
550,2018,2,Tierra Del Fuego,91.60519629538562
551,2018,2,Tucumán,41.512563170017415
552,2018,1,Buenos Aires,62.62621166168454
553,2018,1,Capital Federal,106.23567174586837
554,2018,1,Catamarca,32.79361613741535
555,2018,1,Chaco,30.829927645702472
556,2018,1,Chubut,53.71560488248906
557,2018,1,Córdoba,63.51716965201617
558,2018,1,Corrientes,32.66346087317512
559,2018,1,Entre Ríos,48.68120241785722
560,2018,1,Formosa,21.404310259211442
561,2018,1,Jujuy,23.121260875677535
562,2018,1,La Pampa,71.75163692275797
563,2018,1,La Rioja,51.44351011244806
564,2018,1,Mendoza,37.07215110240331
565,2018,1,Misiones,30.95673588446963
566,2018,1,Neuquén,61.517390351563726
567,2018,1,Río Negro,49.816861312232405
568,2018,1,Salta,39.775591632918804
569,2018,1,San Juan,32.60917745169287
570,2018,1,San Luis,15.14879034827491
571,2018,1,Santa Cruz,33.55275989857616
572,2018,1,Santa Fe,62.28199844300957
573,2018,1,Santiago Del Estero,34.9882694482421
574,2018,1,Tierra Del Fuego,65.19963702359347
575,2018,1,Tucumán,41.176009388866156
576,2017,4,Buenos Aires,57.609615290258205
577,2017,4,Capital Federal,122.89742418734991
578,2017,4,Catamarca,28.620950093924897
579,2017,4,Chaco,30.808158111236537
580,2017,4,Chubut,51.46309626749354
581,2017,4,Córdoba,63.33262565207773
582,2017,4,Corrientes,32.51511831118755
583,2017,4,Entre Ríos,47.885245293746834
584,2017,4,Formosa,21.270976689249718
585,2017,4,Jujuy,22.742083716267025
586,2017,4,La Pampa,71.04976106378558
587,2017,4,La Rioja,51.56847440546175
588,2017,4,Mendoza,33.32562553415048
589,2017,4,Misiones,31.14218485379854
590,2017,4,Neuquén,61.24232317785096
591,2017,4,Río Negro,49.37562976824529
592,2017,4,Salta,39.79624247145896
593,2017,4,San Juan,30.29992919128174
594,2017,4,San Luis,10.586731069754228
595,2017,4,Santa Cruz,28.912492882806827
596,2017,4,Santa Fe,61.7127712196729
597,2017,4,Santiago Del Estero,29.126386109501063
598,2017,4,Tierra Del Fuego,59.89413596263622
599,2017,4,Tucumán,39.8968735176797
600,2017,3,Buenos Aires,55.62938339533962
601,2017,3,Capital Federal,121.85832590969336
602,2017,3,Catamarca,32.49092567790524
603,2017,3,Chaco,29.975925647657625
604,2017,3,Chubut,46.21537746651841
605,2017,3,Córdoba,62.30700225296333
606,2017,3,Corrientes,32.16543574593796
607,2017,3,Entre Ríos,45.95812167017718
608,2017,3,Formosa,21.350384380070757
609,2017,3,Jujuy,22.64536299508256
610,2017,3,La Pampa,69.13993701142644
611,2017,3,La Rioja,51.46525230494696
612,2017,3,Mendoza,35.70493177720565
613,2017,3,Misiones,30.205990933031902
614,2017,3,Neuquén,60.8304131050389
615,2017,3,Río Negro,48.518658939500625
616,2017,3,Salta,39.839700806907416
617,2017,3,San Juan,32.36688935995978
618,2017,3,San Luis,15.477861790298098
619,2017,3,Santa Cruz,33.29182971658959
620,2017,3,Santa Fe,60.90635563451515
621,2017,3,Santiago Del Estero,35.12104488438485
622,2017,3,Tierra Del Fuego,65.74180473434595
623,2017,3,Tucumán,39.69537916123259
624,2017,2,Buenos Aires,56.272144161691315
625,2017,2,Capital Federal,124.06139375642523
626,2017,2,Catamarca,25.97712106768351
627,2017,2,Chaco,29.045524775453423
628,2017,2,Chubut,35.54601117914412
629,2017,2,Córdoba,58.973528908003566
630,2017,2,Corrientes,31.38612136835505
631,2017,2,Entre Ríos,45.38933102824724
632,2017,2,Formosa,19.965076445261992
633,2017,2,Jujuy,22.403415894624064
634,2017,2,La Pampa,63.49352648099681
635,2017,2,La Rioja,16.203445806143563
636,2017,2,Mendoza,31.75860536139077
637,2017,2,Misiones,30.089248025085933
638,2017,2,Neuquén,61.91013427666159
639,2017,2,Río Negro,46.02080512293318
640,2017,2,Salta,32.739420263626215
641,2017,2,San Juan,26.96461612024698
642,2017,2,San Luis,9.513970314868304
643,2017,2,Santa Cruz,26.248619828709554
644,2017,2,Santa Fe,52.26961123969867
645,2017,2,Santiago Del Estero,14.118988073971998
646,2017,2,Tierra Del Fuego,68.46322075955756
647,2017,2,Tucumán,38.18623365639289
648,2017,1,Buenos Aires,58.57400244920328
649,2017,1,Capital Federal,108.36920836560806
650,2017,1,Catamarca,25.659350838021506
651,2017,1,Chaco,28.62166053842791
652,2017,1,Chubut,35.662220237763016
653,2017,1,Córdoba,57.65332959287443
654,2017,1,Corrientes,30.940600109644144
655,2017,1,Entre Ríos,44.907273687041226
656,2017,1,Formosa,19.842489178645863
657,2017,1,Jujuy,22.756985962232346
658,2017,1,La Pampa,62.66928104575163
659,2017,1,La Rioja,16.19552414605418
660,2017,1,Mendoza,31.843012770179662
661,2017,1,Misiones,29.522202363131044
662,2017,1,Neuquén,61.02302006782746
663,2017,1,Río Negro,46.02953874119518
664,2017,1,Salta,32.57548931482305
665,2017,1,San Juan,27.03676098842391
666,2017,1,San Luis,9.545500193678896
667,2017,1,Santa Cruz,26.52499173785465
668,2017,1,Santa Fe,51.970107692080425
669,2017,1,Santiago Del Estero,14.702119493368587
670,2017,1,Tierra Del Fuego,68.91974851288131
671,2017,1,Tucumán,37.90016075894098
672,2016,4,Buenos Aires,61.236587430356856
673,2016,4,Capital Federal,120.63133173632356
674,2016,4,Catamarca,26.543515589961913
675,2016,4,Chaco,28.786656085255263
676,2016,4,Chubut,36.07290546427898
677,2016,4,Córdoba,57.696719154378975
678,2016,4,Corrientes,30.98107037649768
679,2016,4,Entre Ríos,45.208402854677
680,2016,4,Formosa,19.84823607816392
681,2016,4,Jujuy,22.651387008241425
682,2016,4,La Pampa,63.016182768654026
683,2016,4,La Rioja,16.45531638401623
684,2016,4,Mendoza,32.10735338479002
685,2016,4,Misiones,29.720149807797423
686,2016,4,Neuquén,60.873667228199054
687,2016,4,Río Negro,46.38521035065572
688,2016,4,Salta,32.69411973937546
689,2016,4,San Juan,27.292421452197058
690,2016,4,San Luis,9.640682435370556
691,2016,4,Santa Cruz,27.04676021484584
692,2016,4,Santa Fe,52.19105023718895
693,2016,4,Santiago Del Estero,15.067847510433346
694,2016,4,Tierra Del Fuego,70.30526590539473
695,2016,4,Tucumán,37.9807622036193
696,2016,3,Buenos Aires,60.14329545468815
697,2016,3,Capital Federal,120.77287775101534
698,2016,3,Catamarca,26.48067675746367
699,2016,3,Chaco,28.910749068480953
700,2016,3,Chubut,36.17869442878647
701,2016,3,Córdoba,58.24381625803197
702,2016,3,Corrientes,31.066878826051184
703,2016,3,Entre Ríos,45.43514088447326
704,2016,3,Formosa,18.639708302862847
705,2016,3,Jujuy,22.605154265256864
706,2016,3,La Pampa,61.73178543650905
707,2016,3,La Rioja,17.074559106484113
708,2016,3,Mendoza,32.08835884566649
709,2016,3,Misiones,29.905385775898186
710,2016,3,Neuquén,60.21485088853954
711,2016,3,Río Negro,46.38796536215942
712,2016,3,Salta,32.95583168118035
713,2016,3,San Juan,27.31712713599077
714,2016,3,San Luis,9.630539686885157
715,2016,3,Santa Cruz,26.835201895450698
716,2016,3,Santa Fe,52.67215036886248
717,2016,3,Santiago Del Estero,15.329646578472886
718,2016,3,Tierra Del Fuego,68.94049249100736
719,2016,3,Tucumán,37.89736341023836
720,2016,2,Buenos Aires,59.33852679105808
721,2016,2,Capital Federal,120.03953504825309
722,2016,2,Catamarca,26.074188059740646
723,2016,2,Chaco,28.5935505552226
724,2016,2,Chubut,36.12438565556337
725,2016,2,Córdoba,57.54798052828644
726,2016,2,Corrientes,30.580162046616557
727,2016,2,Entre Ríos,44.73887454518738
728,2016,2,Formosa,19.370070664563997
729,2016,2,Jujuy,21.888281043576683
730,2016,2,La Pampa,60.43686025737927
731,2016,2,La Rioja,16.878902611111524
732,2016,2,Mendoza,32.12597179442594
733,2016,2,Misiones,29.239512823021975
734,2016,2,Neuquén,59.098285533662036
735,2016,2,Río Negro,46.240113078127436
736,2016,2,Salta,32.08172602508202
737,2016,2,San Juan,27.34078151409113
738,2016,2,San Luis,9.603733851602321
739,2016,2,Santa Cruz,26.728911725319804
740,2016,2,Santa Fe,52.436477259371124
741,2016,2,Santiago Del Estero,15.888925047306124
742,2016,2,Tierra Del Fuego,67.71824288255286
743,2016,2,Tucumán,37.23568289338424
744,2016,1,Buenos Aires,57.33590782254113
745,2016,1,Capital Federal,115.16005888884817
746,2016,1,Catamarca,25.910217981190538
747,2016,1,Chaco,28.07514644775236
748,2016,1,Chubut,36.0927055378499
749,2016,1,Córdoba,55.283092783740216
750,2016,1,Corrientes,30.080785004133055
751,2016,1,Entre Ríos,43.84596814466226
752,2016,1,Formosa,19.041878369434937
753,2016,1,Jujuy,21.41001128856396
754,2016,1,La Pampa,57.84086865504526
755,2016,1,La Rioja,16.83351837249417
756,2016,1,Mendoza,32.12333888801278
757,2016,1,Misiones,28.36765259095629
758,2016,1,Neuquén,55.75393700425406
759,2016,1,Río Negro,45.83512638708331
760,2016,1,Salta,31.315545971153234
761,2016,1,San Juan,27.330794110004312
762,2016,1,San Luis,9.586346282770212
763,2016,1,Santa Cruz,26.865862521449994
764,2016,1,Santa Fe,51.27734085407622
765,2016,1,Santiago Del Estero,16.205749206821952
766,2016,1,Tierra Del Fuego,65.83304163135006
767,2016,1,Tucumán,36.72477136636591
768,2015,4,Buenos Aires,58.29182182733718
769,2015,4,Capital Federal,118.13036321153807
770,2015,4,Catamarca,26.23945178859185
771,2015,4,Chaco,28.35056623514143
772,2015,4,Chubut,36.89017827786587
773,2015,4,Córdoba,57.364881766079215
774,2015,4,Corrientes,30.33643144533882
775,2015,4,Entre Ríos,44.10854807300098
776,2015,4,Formosa,19.06549151678632
777,2015,4,Jujuy,21.47147379391073
778,2015,4,La Pampa,58.75633720012275
779,2015,4,La Rioja,17.315778648410653
780,2015,4,Mendoza,32.48895249500142
781,2015,4,Misiones,28.686658891542372
782,2015,4,Neuquén,58.2893377687955
783,2015,4,Río Negro,46.43948111494307
784,2015,4,Salta,31.593492648071866
785,2015,4,San Juan,27.6648539357743
786,2015,4,San Luis,9.705768984506312
787,2015,4,Santa Cruz,27.74476906647967
788,2015,4,Santa Fe,52.60808978585806
789,2015,4,Santiago Del Estero,17.00497803803607
790,2015,4,Tierra Del Fuego,66.46220433623792
791,2015,4,Tucumán,37.06217328329588
792,2015,3,Buenos Aires,57.68868105608009
793,2015,3,Capital Federal,118.28921116431961
794,2015,3,Catamarca,25.863781184637624
795,2015,3,Chaco,27.963072793479412
796,2015,3,Chubut,36.81180991463324
797,2015,3,Córdoba,57.08340378951846
798,2015,3,Corrientes,30.16741240901903
799,2015,3,Entre Ríos,43.67718163526334
800,2015,3,Formosa,18.836751773785252
801,2015,3,Jujuy,21.2703333470887
802,2015,3,La Pampa,57.96395975091518
803,2015,3,La Rioja,17.151129442032545
804,2015,3,Mendoza,32.49199583186653
805,2015,3,Misiones,28.306345093436885
806,2015,3,Neuquén,54.59931489671118
807,2015,3,Río Negro,46.389186656745146
808,2015,3,Salta,31.175945212858434
809,2015,3,San Juan,27.66538565566005
810,2015,3,San Luis,9.70650326873876
811,2015,3,Santa Cruz,27.606060983429437
812,2015,3,Santa Fe,52.14595474084349
813,2015,3,Santiago Del Estero,17.11882253135319
814,2015,3,Tierra Del Fuego,74.85845784033849
815,2015,3,Tucumán,36.61035952774264
816,2015,2,Buenos Aires,56.80280561439208
817,2015,2,Capital Federal,116.06627091860372
818,2015,2,Catamarca,25.45341804469818
819,2015,2,Chaco,27.46453938839946
820,2015,2,Chubut,36.58246720458481
821,2015,2,Córdoba,55.86916350781819
822,2015,2,Corrientes,29.584012668108493
823,2015,2,Entre Ríos,42.93197901645878
824,2015,2,Formosa,18.36026720527858
825,2015,2,Jujuy,20.287219077594944
826,2015,2,La Pampa,56.70766522530004
827,2015,2,La Rioja,16.883190981963825
828,2015,2,Mendoza,32.49199583186653
829,2015,2,Misiones,27.34768244882168
830,2015,2,Neuquén,53.117336593231435
831,2015,2,Río Negro,45.97612013432327
832,2015,2,Salta,30.46112384270092
833,2015,2,San Juan,27.64305342045848
834,2015,2,San Luis,9.707971837203658
835,2015,2,Santa Cruz,27.072245027448233
836,2015,2,Santa Fe,51.17653890867876
837,2015,2,Santiago Del Estero,17.110566632982863
838,2015,2,Tierra Del Fuego,74.50787431664719
839,2015,2,Tucumán,35.68770560918727
840,2015,1,Buenos Aires,56.37048433026737
841,2015,1,Capital Federal,114.89699714890288
842,2015,1,Catamarca,25.10946633078758
843,2015,1,Chaco,26.649591220305552
844,2015,1,Chubut,37.612780685907914
845,2015,1,Córdoba,54.69734650188214
846,2015,1,Corrientes,28.95019128190928
847,2015,1,Entre Ríos,42.06519337351208
848,2015,1,Formosa,18.12270367397183
849,2015,1,Jujuy,19.68971363262363
850,2015,1,La Pampa,55.50803232733774
851,2015,1,La Rioja,16.703201787413843
852,2015,1,Mendoza,32.36588756051825
853,2015,1,Misiones,26.305604105190643
854,2015,1,Neuquén,51.95443673810251
855,2015,1,Río Negro,45.32694907202778
856,2015,1,Salta,30.00978823344275
857,2015,1,San Juan,27.553192759766446
858,2015,1,San Luis,9.716048963760594
859,2015,1,Santa Cruz,27.994863943494483
860,2015,1,Santa Fe,50.24449475931921
861,2015,1,Santiago Del Estero,17.0558169911586
862,2015,1,Tierra Del Fuego,74.23495170010268
863,2015,1,Tucumán,35.07860688538978
864,2014,4,Buenos Aires,56.09433653019754
865,2014,4,Capital Federal,114.89676550801623
866,2014,4,Catamarca,25.513779082747998
867,2014,4,Chaco,21.87078320023224
868,2014,4,Chubut,40.24927468450274
869,2014,4,Córdoba,54.69689679332299
870,2014,4,Corrientes,23.56243099277512
871,2014,4,Entre Ríos,36.0254708519679
872,2014,4,Formosa,17.956311361695214
873,2014,4,Jujuy,19.59941818052116
874,2014,4,La Pampa,51.273133452228585
875,2014,4,La Rioja,17.01075088723615
876,2014,4,Mendoza,32.63838187615034
877,2014,4,Misiones,24.162430605588312
878,2014,4,Neuquén,52.554989697249574
879,2014,4,Río Negro,45.47806275120403
880,2014,4,Salta,29.534861619577978
881,2014,4,San Juan,28.037145714560673
882,2014,4,San Luis,9.786393366351197
883,2014,4,Santa Cruz,27.802678969652344
884,2014,4,Santa Fe,49.999623023482705
885,2014,4,Santiago Del Estero,17.26920158364512
886,2014,4,Tierra Del Fuego,66.13781947338316
887,2014,4,Tucumán,35.32087516932818
888,2014,3,Buenos Aires,56.754739164071026
889,2014,3,Capital Federal,113.8005123324155
890,2014,3,Catamarca,24.706121305327624
891,2014,3,Chaco,21.112666705262427
892,2014,3,Chubut,40.59867094427454
893,2014,3,Córdoba,54.23361028299935
894,2014,3,Corrientes,22.78753503515243
895,2014,3,Entre Ríos,34.981647333712985
896,2014,3,Formosa,17.771314831468263
897,2014,3,Jujuy,18.368534215570367
898,2014,3,La Pampa,55.78120173850417
899,2014,3,La Rioja,16.50671327406722
900,2014,3,Mendoza,32.313179561655694
901,2014,3,Misiones,23.567356954345527
902,2014,3,Neuquén,56.39541102706976
903,2014,3,Río Negro,46.196187157830146
904,2014,3,Salta,29.2226843537979
905,2014,3,San Juan,27.854244478102746
906,2014,3,San Luis,9.711210759672754
907,2014,3,Santa Cruz,28.231942904274984
908,2014,3,Santa Fe,49.19588444557267
909,2014,3,Santiago Del Estero,16.49220390830193
910,2014,3,Tierra Del Fuego,65.68610204476191
911,2014,3,Tucumán,33.94375582221807
912,2014,2,Buenos Aires,55.06141695143392
913,2014,2,Capital Federal,113.1433524754098
914,2014,2,Catamarca,24.703118860058403
915,2014,2,Chaco,20.95799636749445
916,2014,2,Chubut,41.41020981991258
917,2014,2,Córdoba,53.448126115625996
918,2014,2,Corrientes,22.575613003243586
919,2014,2,Entre Ríos,34.687432371459764
920,2014,2,Formosa,17.54041175485166
921,2014,2,Jujuy,18.706060999413573
922,2014,2,La Pampa,49.70759616034458
923,2014,2,La Rioja,16.502564816345664
924,2014,2,Mendoza,32.098238150241194
925,2014,2,Misiones,23.367747601299843
926,2014,2,Neuquén,50.84274905844866
927,2014,2,Río Negro,45.33491032014632
928,2014,2,Salta,28.914594000862877
929,2014,2,San Juan,27.782697817958912
930,2014,2,San Luis,9.717910199871824
931,2014,2,Santa Cruz,29.377007153054272
932,2014,2,Santa Fe,48.39035138670138
933,2014,2,Santiago Del Estero,16.695567347354444
934,2014,2,Tierra Del Fuego,64.35604517159936
935,2014,2,Tucumán,33.94452688568229
936,2014,1,Buenos Aires,54.570072879439756
937,2014,1,Capital Federal,112.25412278926913
938,2014,1,Catamarca,24.251751254585553
939,2014,1,Chaco,20.71853886384081
940,2014,1,Chubut,41.23521807972435
941,2014,1,Córdoba,52.517847544006315
942,2014,1,Corrientes,22.316716713838876
943,2014,1,Entre Ríos,34.367121821250166
944,2014,1,Formosa,17.418451079368708
945,2014,1,Jujuy,18.41535244687765
946,2014,1,La Pampa,48.42532103828204
947,2014,1,La Rioja,16.294104815837528
948,2014,1,Mendoza,31.91312298660578
949,2014,1,Misiones,23.13653864847733
950,2014,1,Neuquén,49.79160519138556
951,2014,1,Río Negro,44.913957131788514
952,2014,1,Salta,28.699559509630678
953,2014,1,San Juan,27.59549302299609
954,2014,1,San Luis,9.347207842190002
955,2014,1,Santa Cruz,28.939093063577776
956,2014,1,Santa Fe,47.84766256547095
957,2014,1,Santiago Del Estero,16.309923503967603
958,2014,1,Tierra Del Fuego,63.965925574153744
959,2014,1,Tucumán,33.4209747934719
