,Año,Trimestre,Provincia,Accesos por cada 100 hab
0,2023,4,Buenos Aires,27.68
1,2023,4,Capital Federal,47.8
2,2023,4,Catamarca,17.46
3,2023,4,Chaco,11.85
4,2023,4,Chubut,26.04
5,2023,4,Córdoba,27.76
6,2023,4,Corrientes,13.84
7,2023,4,Entre Ríos,20.91
8,2023,4,Formosa,9.98
9,2023,4,Jujuy,14.77
10,2023,4,La Pampa,32.93
11,2023,4,La Rioja,21.35
12,2023,4,Mendoza,14.55
13,2023,4,Misiones,15.33
14,2023,4,Neuquén,23.78
15,2023,4,Río Negro,21.61
16,2023,4,Salta,13.8
17,2023,4,San Juan,12.75
18,2023,4,San Luis,29.21
19,2023,4,Santa Cruz,21.94
20,2023,4,Santa Fe,25.08
21,2023,4,Santiago Del Estero,12.18
22,2023,4,Tierra Del Fuego,32.75
23,2023,4,Tucumán,15.12
24,2023,3,Buenos Aires,27.5
25,2023,3,Capital Federal,47.6
26,2023,3,Catamarca,17.44
27,2023,3,Chaco,11.46
28,2023,3,Chubut,25.82
29,2023,3,Córdoba,27.57
30,2023,3,Corrientes,13.9
31,2023,3,Entre Ríos,20.58
32,2023,3,Formosa,9.89
33,2023,3,Jujuy,14.73
34,2023,3,La Pampa,32.62
35,2023,3,La Rioja,21.41
36,2023,3,Mendoza,14.52
37,2023,3,Misiones,15.12
38,2023,3,Neuquén,23.8
39,2023,3,Río Negro,21.04
40,2023,3,Salta,13.94
41,2023,3,San Juan,12.85
42,2023,3,San Luis,28.2
43,2023,3,Santa Cruz,12.17
44,2023,3,Santa Fe,24.87
45,2023,3,Santiago Del Estero,12.08
46,2023,3,Tierra Del Fuego,31.41
47,2023,3,Tucumán,15.17
48,2023,2,Buenos Aires,27.1
49,2023,2,Capital Federal,47.27
50,2023,2,Catamarca,17.15
51,2023,2,Chaco,11.46
52,2023,2,Chubut,25.28
53,2023,2,Córdoba,27.59
54,2023,2,Corrientes,13.79
55,2023,2,Entre Ríos,19.26
56,2023,2,Formosa,9.75
57,2023,2,Jujuy,14.78
58,2023,2,La Pampa,32.4
59,2023,2,La Rioja,21.3
60,2023,2,Mendoza,14.54
61,2023,2,Misiones,15.03
62,2023,2,Neuquén,23.5
63,2023,2,Río Negro,21.09
64,2023,2,Salta,13.92
65,2023,2,San Juan,12.1
66,2023,2,San Luis,26.73
67,2023,2,Santa Cruz,12.39
68,2023,2,Santa Fe,24.79
69,2023,2,Santiago Del Estero,11.7
70,2023,2,Tierra Del Fuego,31.54
71,2023,2,Tucumán,15.05
72,2023,1,Buenos Aires,26.81
73,2023,1,Capital Federal,50.23
74,2023,1,Catamarca,16.83
75,2023,1,Chaco,11.53
76,2023,1,Chubut,26.32
77,2023,1,Córdoba,27.2
78,2023,1,Corrientes,13.71
79,2023,1,Entre Ríos,19.37
80,2023,1,Formosa,9.87
81,2023,1,Jujuy,14.88
82,2023,1,La Pampa,31.81
83,2023,1,La Rioja,21.23
84,2023,1,Mendoza,14.34
85,2023,1,Misiones,14.7
86,2023,1,Neuquén,23.38
87,2023,1,Río Negro,21.27
88,2023,1,Salta,13.97
89,2023,1,San Juan,12.67
90,2023,1,San Luis,25.8
91,2023,1,Santa Cruz,12.92
92,2023,1,Santa Fe,24.57
93,2023,1,Santiago Del Estero,11.8
94,2023,1,Tierra Del Fuego,30.9
95,2023,1,Tucumán,14.95
96,2022,4,Buenos Aires,26.72
97,2022,4,Capital Federal,50.35
98,2022,4,Catamarca,16.73
99,2022,4,Chaco,11.66
100,2022,4,Chubut,26.23
101,2022,4,Córdoba,27.26
102,2022,4,Corrientes,13.6
103,2022,4,Entre Ríos,19.14
104,2022,4,Formosa,10.03
105,2022,4,Jujuy,14.95
106,2022,4,La Pampa,31.23
107,2022,4,La Rioja,21.26
108,2022,4,Mendoza,14.33
109,2022,4,Misiones,14.39
110,2022,4,Neuquén,23.41
111,2022,4,Río Negro,21.04
112,2022,4,Salta,14.04
113,2022,4,San Juan,12.96
114,2022,4,San Luis,25.83
115,2022,4,Santa Cruz,12.95
116,2022,4,Santa Fe,24.65
117,2022,4,Santiago Del Estero,11.92
118,2022,4,Tierra Del Fuego,30.07
119,2022,4,Tucumán,15.12
120,2022,3,Buenos Aires,26.37
121,2022,3,Capital Federal,50.22
122,2022,3,Catamarca,16.62
123,2022,3,Chaco,11.72
124,2022,3,Chubut,25.86
125,2022,3,Córdoba,27.04
126,2022,3,Corrientes,12.69
127,2022,3,Entre Ríos,19.04
128,2022,3,Formosa,11.14
129,2022,3,Jujuy,15.06
130,2022,3,La Pampa,31.82
131,2022,3,La Rioja,21.47
132,2022,3,Mendoza,14.24
133,2022,3,Misiones,14.11
134,2022,3,Neuquén,23.92
135,2022,3,Río Negro,20.91
136,2022,3,Salta,13.99
137,2022,3,San Juan,12.94
138,2022,3,San Luis,23.39
139,2022,3,Santa Cruz,12.85
140,2022,3,Santa Fe,24.7
141,2022,3,Santiago Del Estero,11.91
142,2022,3,Tierra Del Fuego,29.5
143,2022,3,Tucumán,15.14
144,2022,2,Buenos Aires,26.12927127832741
145,2022,2,Capital Federal,49.873561256261084
146,2022,2,Catamarca,15.871790195247085
147,2022,2,Chaco,11.70254390369554
148,2022,2,Chubut,25.499919336270644
149,2022,2,Córdoba,26.781590841133493
150,2022,2,Corrientes,12.732146965383649
151,2022,2,Entre Ríos,19.10468595065942
152,2022,2,Formosa,11.049814591140093
153,2022,2,Jujuy,14.656913524540677
154,2022,2,La Pampa,30.632721559665786
155,2022,2,La Rioja,21.331409216914373
156,2022,2,Mendoza,13.782233784570575
157,2022,2,Misiones,13.89002818196789
158,2022,2,Neuquén,23.81745752817118
159,2022,2,Río Negro,20.867543527383393
160,2022,2,Salta,13.936010557448652
161,2022,2,San Juan,12.597912455631214
162,2022,2,San Luis,23.396972678771853
163,2022,2,Santa Cruz,12.83962283852644
164,2022,2,Santa Fe,24.495906799164608
165,2022,2,Santiago Del Estero,11.836737968128928
166,2022,2,Tierra Del Fuego,29.60495526496903
167,2022,2,Tucumán,14.6914572899128
168,2022,1,Buenos Aires,25.563030152028354
169,2022,1,Capital Federal,46.01434762144353
170,2022,1,Catamarca,14.805619574995312
171,2022,1,Chaco,11.775342040436145
172,2022,1,Chubut,26.988759663104396
173,2022,1,Córdoba,26.255262218351167
174,2022,1,Corrientes,12.545281287312793
175,2022,1,Entre Ríos,19.04540527092108
176,2022,1,Formosa,8.896427435598431
177,2022,1,Jujuy,14.847641828629394
178,2022,1,La Pampa,30.200415031402574
179,2022,1,La Rioja,20.96917417226944
180,2022,1,Mendoza,13.5994765497552
181,2022,1,Misiones,13.357539336702546
182,2022,1,Neuquén,22.07746042609429
183,2022,1,Río Negro,20.61822984084394
184,2022,1,Salta,13.588166053353753
185,2022,1,San Juan,11.092116468606637
186,2022,1,San Luis,23.101656231687382
187,2022,1,Santa Cruz,12.894297328809571
188,2022,1,Santa Fe,24.307396998934415
189,2022,1,Santiago Del Estero,11.706882132029497
190,2022,1,Tierra Del Fuego,29.13865104068589
191,2022,1,Tucumán,14.215533334298076
192,2021,4,Buenos Aires,25.36251411440295
193,2021,4,Capital Federal,45.848510714562856
194,2021,4,Catamarca,14.054223759225387
195,2021,4,Chaco,11.772399458164147
196,2021,4,Chubut,25.309325144656967
197,2021,4,Córdoba,25.873153715537683
198,2021,4,Corrientes,11.983198552620907
199,2021,4,Entre Ríos,18.88227767661483
200,2021,4,Formosa,8.768865242200624
201,2021,4,Jujuy,14.555241944242491
202,2021,4,La Pampa,29.509892061530994
203,2021,4,La Rioja,20.742382050283958
204,2021,4,Mendoza,13.25625900699059
205,2021,4,Misiones,13.363319043268442
206,2021,4,Neuquén,21.817563119077384
207,2021,4,Río Negro,20.205613568445425
208,2021,4,Salta,13.759337691497715
209,2021,4,San Juan,10.084133235970333
210,2021,4,San Luis,22.97895624197615
211,2021,4,Santa Cruz,12.808821353847454
212,2021,4,Santa Fe,24.23965799751964
213,2021,4,Santiago Del Estero,11.675440470480114
214,2021,4,Tierra Del Fuego,29.171007839182543
215,2021,4,Tucumán,13.852880446424063
216,2021,3,Buenos Aires,23.96989190399953
217,2021,3,Capital Federal,45.90038346526859
218,2021,3,Catamarca,13.407472376612356
219,2021,3,Chaco,11.48213456009956
220,2021,3,Chubut,24.738375502880167
221,2021,3,Córdoba,24.885957628675673
222,2021,3,Corrientes,11.8228555121759
223,2021,3,Entre Ríos,18.590565595869126
224,2021,3,Formosa,8.643582187295351
225,2021,3,Jujuy,14.240381868423986
226,2021,3,La Pampa,27.767891191051227
227,2021,3,La Rioja,20.565964530219404
228,2021,3,Mendoza,12.710228113581037
229,2021,3,Misiones,12.411772581325813
230,2021,3,Neuquén,20.74816202113861
231,2021,3,Río Negro,19.05925062746504
232,2021,3,Salta,13.55352602212216
233,2021,3,San Juan,10.050236642022515
234,2021,3,San Luis,22.857408818789526
235,2021,3,Santa Cruz,13.016254371883871
236,2021,3,Santa Fe,23.58815244581783
237,2021,3,Santiago Del Estero,11.660736690891678
238,2021,3,Tierra Del Fuego,28.150170112829368
239,2021,3,Tucumán,13.533446775711843
240,2021,2,Buenos Aires,23.35247372787298
241,2021,2,Capital Federal,45.48719048129489
242,2021,2,Catamarca,13.313748671467298
243,2021,2,Chaco,11.580041340539402
244,2021,2,Chubut,22.159781771420207
245,2021,2,Córdoba,24.528406291253745
246,2021,2,Corrientes,11.465064580129559
247,2021,2,Entre Ríos,18.435680632917915
248,2021,2,Formosa,8.456293049570467
249,2021,2,Jujuy,14.366784069218694
250,2021,2,La Pampa,27.043558440191944
251,2021,2,La Rioja,20.49158509575061
252,2021,2,Mendoza,11.433847066800618
253,2021,2,Misiones,12.26014659485293
254,2021,2,Neuquén,20.58023612564588
255,2021,2,Río Negro,19.052051860128394
256,2021,2,Salta,13.303441391384512
257,2021,2,San Juan,10.00671906693712
258,2021,2,San Luis,23.89055527674358
259,2021,2,Santa Cruz,13.096756425784957
260,2021,2,Santa Fe,23.60478745301367
261,2021,2,Santiago Del Estero,11.554388875216853
262,2021,2,Tierra Del Fuego,20.126647945777083
263,2021,2,Tucumán,13.606163819728007
264,2021,1,Buenos Aires,22.998353975762015
265,2021,1,Capital Federal,44.82699016464177
266,2021,1,Catamarca,12.438278918256517
267,2021,1,Chaco,11.528896477487843
268,2021,1,Chubut,21.147838315076264
269,2021,1,Córdoba,24.061371645661506
270,2021,1,Corrientes,11.234115869536096
271,2021,1,Entre Ríos,18.070581721504354
272,2021,1,Formosa,8.330895284429907
273,2021,1,Jujuy,14.226045966500736
274,2021,1,La Pampa,26.943299898725044
275,2021,1,La Rioja,13.258360163449572
276,2021,1,Mendoza,10.926002451479471
277,2021,1,Misiones,11.758811611223322
278,2021,1,Neuquén,19.895917331182986
279,2021,1,Río Negro,18.724905657874665
280,2021,1,Salta,13.061128426236175
281,2021,1,San Juan,9.948368694803314
282,2021,1,San Luis,23.24883515831701
283,2021,1,Santa Cruz,12.391825403443834
284,2021,1,Santa Fe,23.242382186130484
285,2021,1,Santiago Del Estero,11.334871169032645
286,2021,1,Tierra Del Fuego,22.9312154304354
287,2021,1,Tucumán,13.57896382467824
288,2020,4,Buenos Aires,22.90151153254686
289,2020,4,Capital Federal,44.833968426782796
290,2020,4,Catamarca,12.567459308545084
291,2020,4,Chaco,11.50064617804086
292,2020,4,Chubut,20.950871174621614
293,2020,4,Córdoba,23.904978675681004
294,2020,4,Corrientes,11.172002734788627
295,2020,4,Entre Ríos,17.78197083072765
296,2020,4,Formosa,8.268390853815193
297,2020,4,Jujuy,13.669623117135359
298,2020,4,La Pampa,26.940422171804798
299,2020,4,La Rioja,13.339129511730942
300,2020,4,Mendoza,10.779753857792285
301,2020,4,Misiones,11.614898792582805
302,2020,4,Neuquén,19.943555550895127
303,2020,4,Río Negro,18.789319055171752
304,2020,4,Salta,13.088389057411085
305,2020,4,San Juan,9.251858120163535
306,2020,4,San Luis,23.375314368474104
307,2020,4,Santa Cruz,11.008682660661702
308,2020,4,Santa Fe,23.136769743176906
309,2020,4,Santiago Del Estero,10.857437164805166
310,2020,4,Tierra Del Fuego,22.609569143137627
311,2020,4,Tucumán,13.57016980842894
312,2020,3,Buenos Aires,22.410088053440287
313,2020,3,Capital Federal,44.62274289719256
314,2020,3,Catamarca,11.995288801288368
315,2020,3,Chaco,11.102767361905425
316,2020,3,Chubut,20.94871530485329
317,2020,3,Córdoba,23.029708353509868
318,2020,3,Corrientes,10.993613616681577
319,2020,3,Entre Ríos,17.398110879051448
320,2020,3,Formosa,8.120337229392224
321,2020,3,Jujuy,13.820037033679931
322,2020,3,La Pampa,26.115702018823033
323,2020,3,La Rioja,13.341312020771634
324,2020,3,Mendoza,10.422355488053226
325,2020,3,Misiones,11.331798537010407
326,2020,3,Neuquén,19.42045929269766
327,2020,3,Río Negro,17.54802558517
328,2020,3,Salta,12.670239307125406
329,2020,3,San Juan,9.88083251128296
330,2020,3,San Luis,22.8839263803681
331,2020,3,Santa Cruz,10.697207032526524
332,2020,3,Santa Fe,22.677710522681583
333,2020,3,Santiago Del Estero,10.76484130094044
334,2020,3,Tierra Del Fuego,22.771515363810202
335,2020,3,Tucumán,13.184990703555616
336,2020,2,Buenos Aires,21.552858404836318
337,2020,2,Capital Federal,44.15182686820503
338,2020,2,Catamarca,11.556666835285702
339,2020,2,Chaco,10.646198278920558
340,2020,2,Chubut,17.577923412048097
341,2020,2,Córdoba,22.262629768284135
342,2020,2,Corrientes,10.613139950481656
343,2020,2,Entre Ríos,16.90464963972206
344,2020,2,Formosa,7.925539742616724
345,2020,2,Jujuy,12.246000275261045
346,2020,2,La Pampa,25.07384596485546
347,2020,2,La Rioja,13.267548880443243
348,2020,2,Mendoza,10.116652469373573
349,2020,2,Misiones,11.136919674351834
350,2020,2,Neuquén,19.02059866374008
351,2020,2,Río Negro,17.338453751536527
352,2020,2,Salta,12.492822821915325
353,2020,2,San Juan,8.939786450606132
354,2020,2,San Luis,22.440286647722235
355,2020,2,Santa Cruz,10.650675172081195
356,2020,2,Santa Fe,22.01189934872471
357,2020,2,Santiago Del Estero,10.787648634906734
358,2020,2,Tierra Del Fuego,22.642392447335883
359,2020,2,Tucumán,12.826796661758182
360,2020,1,Buenos Aires,21.208081014212762
361,2020,1,Capital Federal,44.02408243452466
362,2020,1,Catamarca,9.568286447482455
363,2020,1,Chaco,10.018358007806318
364,2020,1,Chubut,15.715139739949185
365,2020,1,Córdoba,21.64232669040361
366,2020,1,Corrientes,10.198192297264285
367,2020,1,Entre Ríos,16.779387594256768
368,2020,1,Formosa,7.693633209507935
369,2020,1,Jujuy,11.934505713694248
370,2020,1,La Pampa,24.96348894596364
371,2020,1,La Rioja,12.337423688670192
372,2020,1,Mendoza,9.248656325291032
373,2020,1,Misiones,10.627621055982175
374,2020,1,Neuquén,18.409872883598883
375,2020,1,Río Negro,16.95263605430754
376,2020,1,Salta,12.011697200976553
377,2020,1,San Juan,8.251277881190129
378,2020,1,San Luis,21.838769386372302
379,2020,1,Santa Cruz,10.704172537298618
380,2020,1,Santa Fe,21.86132458787361
381,2020,1,Santiago Del Estero,10.539212166838636
382,2020,1,Tierra Del Fuego,22.552553250860385
383,2020,1,Tucumán,11.852464901793745
384,2019,4,Buenos Aires,21.135089381908887
385,2019,4,Capital Federal,44.18705360861236
386,2019,4,Catamarca,9.268865071492511
387,2019,4,Chaco,9.84506318966921
388,2019,4,Chubut,15.677171185926401
389,2019,4,Córdoba,21.57949716642836
390,2019,4,Corrientes,10.208283637368018
391,2019,4,Entre Ríos,17.339132629892976
392,2019,4,Formosa,7.755476118924716
393,2019,4,Jujuy,11.60391510228381
394,2019,4,La Pampa,25.344921847620384
395,2019,4,La Rioja,12.547563567459605
396,2019,4,Mendoza,9.390112733918839
397,2019,4,Misiones,10.837581902491847
398,2019,4,Neuquén,17.668184976921886
399,2019,4,Río Negro,17.13387032217983
400,2019,4,Salta,12.195492805546795
401,2019,4,San Juan,8.36915261267133
402,2019,4,San Luis,21.441352893267833
403,2019,4,Santa Cruz,10.923427797723754
404,2019,4,Santa Fe,21.84835065573258
405,2019,4,Santiago Del Estero,10.651974288337923
406,2019,4,Tierra Del Fuego,23.627546752616215
407,2019,4,Tucumán,11.803181280712074
408,2019,3,Buenos Aires,22.761733615562225
409,2019,3,Capital Federal,46.904770893488056
410,2019,3,Catamarca,7.855954765218487
411,2019,3,Chaco,9.580664387529255
412,2019,3,Chubut,14.580466548718958
413,2019,3,Córdoba,21.000781776953538
414,2019,3,Corrientes,10.134028114178687
415,2019,3,Entre Ríos,17.311661825597923
416,2019,3,Formosa,7.664177713890219
417,2019,3,Jujuy,11.334206981241007
418,2019,3,La Pampa,25.519002705641388
419,2019,3,La Rioja,12.762431790856121
420,2019,3,Mendoza,11.368189016279217
421,2019,3,Misiones,10.713348334458951
422,2019,3,Neuquén,19.092075679641724
423,2019,3,Río Negro,19.508498591229387
424,2019,3,Salta,10.771854623416075
425,2019,3,San Juan,9.440941485226007
426,2019,3,San Luis,24.390971166174673
427,2019,3,Santa Cruz,10.601555192584216
428,2019,3,Santa Fe,21.656424746361633
429,2019,3,Santiago Del Estero,13.725288048364083
430,2019,3,Tierra Del Fuego,28.598925193212118
431,2019,3,Tucumán,9.781574184382116
432,2019,2,Buenos Aires,22.215789484298067
433,2019,2,Capital Federal,46.08592579281094
434,2019,2,Catamarca,8.173397032450584
435,2019,2,Chaco,9.125011329267105
436,2019,2,Chubut,14.403808727896068
437,2019,2,Córdoba,20.841637242238242
438,2019,2,Corrientes,10.047459019420458
439,2019,2,Entre Ríos,17.185820444672466
440,2019,2,Formosa,7.742195783956093
441,2019,2,Jujuy,11.382934590825071
442,2019,2,La Pampa,25.39783989548608
443,2019,2,La Rioja,12.965645588675004
444,2019,2,Mendoza,11.373356541672889
445,2019,2,Misiones,10.662825595018377
446,2019,2,Neuquén,18.777900805620252
447,2019,2,Río Negro,18.792276756346176
448,2019,2,Salta,10.146610869132008
449,2019,2,San Juan,9.068540162527924
450,2019,2,San Luis,23.40822663016059
451,2019,2,Santa Cruz,8.584064828655885
452,2019,2,Santa Fe,21.201130485144205
453,2019,2,Santiago Del Estero,13.101581339388986
454,2019,2,Tierra Del Fuego,28.10756382159569
455,2019,2,Tucumán,9.942460440805863
456,2019,1,Buenos Aires,21.64173785141924
457,2019,1,Capital Federal,45.57918389943661
458,2019,1,Catamarca,8.188504627374574
459,2019,1,Chaco,8.722835003407456
460,2019,1,Chubut,13.180368061670734
461,2019,1,Córdoba,20.05952769269671
462,2019,1,Corrientes,9.25199213887151
463,2019,1,Entre Ríos,16.979402393290254
464,2019,1,Formosa,7.55368578631946
465,2019,1,Jujuy,11.867849761055307
466,2019,1,La Pampa,25.157516640472675
467,2019,1,La Rioja,13.359402478637785
468,2019,1,Mendoza,10.508862067173826
469,2019,1,Misiones,9.87579609120626
470,2019,1,Neuquén,17.526490396034294
471,2019,1,Río Negro,16.478122478195964
472,2019,1,Salta,9.711781014403453
473,2019,1,San Juan,8.108982017265918
474,2019,1,San Luis,19.271779401291518
475,2019,1,Santa Cruz,7.042691634453057
476,2019,1,Santa Fe,21.059894917387947
477,2019,1,Santiago Del Estero,9.311616280949599
478,2019,1,Tierra Del Fuego,27.684925791261847
479,2019,1,Tucumán,10.31263096739148
480,2018,4,Buenos Aires,21.058833823398523
481,2018,4,Capital Federal,45.24931394036689
482,2018,4,Catamarca,8.197333541624968
483,2018,4,Chaco,8.7108351925502
484,2018,4,Chubut,13.061729706052178
485,2018,4,Córdoba,19.92843117514227
486,2018,4,Corrientes,9.102210657080787
487,2018,4,Entre Ríos,16.257794035384702
488,2018,4,Formosa,7.568639138457005
489,2018,4,Jujuy,11.899484192418539
490,2018,4,La Pampa,24.215175627605007
491,2018,4,La Rioja,13.402859048246764
492,2018,4,Mendoza,10.536933969997644
493,2018,4,Misiones,9.38376401334208
494,2018,4,Neuquén,17.58336203291432
495,2018,4,Río Negro,15.952033444971306
496,2018,4,Salta,9.639884990122159
497,2018,4,San Juan,8.125067548299477
498,2018,4,San Luis,19.332549309229275
499,2018,4,Santa Cruz,7.049080016507051
500,2018,4,Santa Fe,20.62373640643868
501,2018,4,Santiago Del Estero,9.2821177795649
502,2018,4,Tierra Del Fuego,27.748785315817887
503,2018,4,Tucumán,10.344120436439566
504,2018,3,Buenos Aires,20.95908740104848
505,2018,3,Capital Federal,45.37709204560748
506,2018,3,Catamarca,8.373046550087581
507,2018,3,Chaco,8.628583509513742
508,2018,3,Chubut,17.28630822939319
509,2018,3,Córdoba,19.66915749676994
510,2018,3,Corrientes,9.018948170247882
511,2018,3,Entre Ríos,15.016208210741233
512,2018,3,Formosa,7.5279498103121085
513,2018,3,Jujuy,5.949165647225797
514,2018,3,La Pampa,23.64056278957734
515,2018,3,La Rioja,13.505484520192356
516,2018,3,Mendoza,10.601969231966759
517,2018,3,Misiones,8.74450949017475
518,2018,3,Neuquén,18.005451709791327
519,2018,3,Río Negro,15.546572458298687
520,2018,3,Salta,9.549341341721156
521,2018,3,San Juan,8.419357955569252
522,2018,3,San Luis,14.983359875657099
523,2018,3,Santa Cruz,9.738987459252597
524,2018,3,Santa Fe,19.939106982732063
525,2018,3,Santiago Del Estero,8.996517443513934
526,2018,3,Tierra Del Fuego,27.506021696216745
527,2018,3,Tucumán,10.325137534986972
528,2018,2,Buenos Aires,20.374582324435124
529,2018,2,Capital Federal,44.632577746788044
530,2018,2,Catamarca,8.35838388395506
531,2018,2,Chaco,8.353123614291734
532,2018,2,Chubut,16.830485129144066
533,2018,2,Córdoba,19.373198551696014
534,2018,2,Corrientes,8.903247385340823
535,2018,2,Entre Ríos,14.711648453505866
536,2018,2,Formosa,7.4919076165093035
537,2018,2,Jujuy,5.9923974768014165
538,2018,2,La Pampa,23.40701065826804
539,2018,2,La Rioja,13.570922884408905
540,2018,2,Mendoza,10.318226443150964
541,2018,2,Misiones,8.61598877251767
542,2018,2,Neuquén,17.931877810369247
543,2018,2,Río Negro,15.42558308937726
544,2018,2,Salta,9.673102808845783
545,2018,2,San Juan,8.392841711641646
546,2018,2,San Luis,4.336137508962927
547,2018,2,Santa Cruz,9.919588050940062
548,2018,2,Santa Fe,19.675591530682105
549,2018,2,Santiago Del Estero,8.750160589339375
550,2018,2,Tierra Del Fuego,27.162316515991055
551,2018,2,Tucumán,10.283671207148597
552,2018,1,Buenos Aires,20.27965291057949
553,2018,1,Capital Federal,44.562961320417855
554,2018,1,Catamarca,8.342098537275874
555,2018,1,Chaco,8.240328535251999
556,2018,1,Chubut,16.466326556340928
557,2018,1,Córdoba,19.447381073339752
558,2018,1,Corrientes,8.60133260210877
559,2018,1,Entre Ríos,14.555673456325385
560,2018,1,Formosa,5.4480098282582645
561,2018,1,Jujuy,5.912829505826147
562,2018,1,La Pampa,23.64124866231016
563,2018,1,La Rioja,13.694770063119927
564,2018,1,Mendoza,10.345843091967911
565,2018,1,Misiones,8.432278416607307
566,2018,1,Neuquén,18.31283869735193
567,2018,1,Río Negro,15.323567091543692
568,2018,1,Salta,9.633845443846392
569,2018,1,San Juan,8.306800710570991
570,2018,1,San Luis,4.335615022675048
571,2018,1,Santa Cruz,9.98473486255572
572,2018,1,Santa Fe,19.584682368757406
573,2018,1,Santiago Del Estero,8.683504190530646
574,2018,1,Tierra Del Fuego,19.33152333431171
575,2018,1,Tucumán,10.200177350055142
576,2017,4,Buenos Aires,18.61464924835486
577,2017,4,Capital Federal,51.6167209151056
578,2017,4,Catamarca,7.280600419229377
579,2017,4,Chaco,8.234501979468078
580,2017,4,Chubut,15.77581593080522
581,2017,4,Córdoba,19.390857786793124
582,2017,4,Corrientes,8.562263620309615
583,2017,4,Entre Ríos,14.317635180183578
584,2017,4,Formosa,5.414060072151437
585,2017,4,Jujuy,5.81583543877829
586,2017,4,La Pampa,23.409929773918797
587,2017,4,La Rioja,13.727965660359493
588,2017,4,Mendoza,9.300280994440511
589,2017,4,Misiones,8.482789477895514
590,2017,4,Neuquén,18.2308851652642
591,2017,4,Río Negro,15.187813662722721
592,2017,4,Salta,9.638816535753657
593,2017,4,San Juan,7.718528602820455
594,2017,4,San Luis,3.0299272402737993
595,2017,4,Santa Cruz,8.603821648608145
596,2017,4,Santa Fe,19.405680474329014
597,2017,4,Santiago Del Estero,7.228687949666727
598,2017,4,Tierra Del Fuego,17.758493353028065
599,2017,4,Tucumán,9.883286960651205
600,2017,3,Buenos Aires,17.935870973592106
601,2017,3,Capital Federal,51.2444496511116
602,2017,3,Catamarca,8.265091234974188
603,2017,3,Chaco,8.012103738024656
604,2017,3,Chubut,14.16737183585357
605,2017,3,Córdoba,19.076953915608296
606,2017,3,Corrientes,8.470212670540503
607,2017,3,Entre Ríos,13.741494179292031
608,2017,3,Formosa,5.43429504811395
609,2017,3,Jujuy,5.791142800512126
610,2017,3,La Pampa,22.780807976856142
611,2017,3,La Rioja,13.700651079810719
612,2017,3,Mendoza,9.964323465862444
613,2017,3,Misiones,8.227833589371523
614,2017,3,Neuquén,18.10848135178631
615,2017,3,Río Negro,14.924361907723748
616,2017,3,Salta,9.649427484390076
617,2017,3,San Juan,8.245115565495915
618,2017,3,San Luis,4.429809174940647
619,2017,3,Santa Cruz,9.907366563740627
620,2017,3,Santa Fe,19.152164898849556
621,2017,3,Santiago Del Estero,8.716515836151316
622,2017,3,Tierra Del Fuego,19.492764396867877
623,2017,3,Tucumán,9.833448455500244
624,2017,2,Buenos Aires,18.104156481000473
625,2017,2,Capital Federal,52.236738675121046
626,2017,2,Catamarca,6.608185687419579
627,2017,2,Chaco,7.763587198662014
628,2017,2,Chubut,10.897114883440475
629,2017,2,Córdoba,18.05661531060883
630,2017,2,Corrientes,8.265165616133114
631,2017,2,Entre Ríos,13.571663585663645
632,2017,2,Formosa,5.0818187061685505
633,2017,2,Jujuy,5.729417105648426
634,2017,2,La Pampa,20.920811368324546
635,2017,2,La Rioja,4.313641371128342
636,2017,2,Mendoza,8.863231962926129
637,2017,2,Misiones,8.196262181174568
638,2017,2,Neuquén,18.43063459528346
639,2017,2,Río Negro,14.1565144707972
640,2017,2,Salta,7.929941866624195
641,2017,2,San Juan,6.869062671706707
642,2017,2,San Luis,2.7229996991951935
643,2017,2,Santa Cruz,7.812000426302888
644,2017,2,Santa Fe,16.436519275562326
645,2017,2,Santiago Del Estero,3.5041532386183105
646,2017,2,Tierra Del Fuego,20.30130511507835
647,2017,2,Tucumán,9.459823731438563
648,2017,1,Buenos Aires,18.804855031011677
649,2017,1,Capital Federal,45.687714654171046
650,2017,1,Catamarca,6.527341318167275
651,2017,1,Chaco,7.65022534015797
652,2017,1,Chubut,10.932503392025788
653,2017,1,Córdoba,17.652242570602198
654,2017,1,Corrientes,8.147787146784857
655,2017,1,Entre Ríos,13.427434245008815
656,2017,1,Formosa,5.050590921688212
657,2017,1,Jujuy,5.81976940765058
658,2017,1,La Pampa,20.649049712429974
659,2017,1,La Rioja,4.311444393660782
660,2017,1,Mendoza,8.886706245725367
661,2017,1,Misiones,8.041713210556319
662,2017,1,Neuquén,18.166254008454768
663,2017,1,Río Negro,14.158945655638249
664,2017,1,Salta,7.8901262912821775
665,2017,1,San Juan,6.887390312005832
666,2017,1,San Luis,2.7319835263877543
667,2017,1,Santa Cruz,7.89382704275053
668,2017,1,Santa Fe,16.34225474583628
669,2017,1,Santiago Del Estero,3.6488508898009986
670,2017,1,Tierra Del Fuego,20.435486705666722
671,2017,1,Tucumán,9.388852799951817
672,2016,4,Buenos Aires,18.578640735833826
673,2016,4,Capital Federal,45.78373827727234
674,2016,4,Catamarca,6.720813040873304
675,2016,4,Chaco,7.653240095890541
676,2016,4,Chubut,10.959254911598952
677,2016,4,Córdoba,17.57129145976522
678,2016,4,Corrientes,8.119896031116928
679,2016,4,Entre Ríos,13.451982739190726
680,2016,4,Formosa,5.02928480990009
681,2016,4,Jujuy,5.758804384392255
682,2016,4,La Pampa,20.670760836407798
683,2016,4,La Rioja,4.350562085368715
684,2016,4,Mendoza,8.910941733480245
685,2016,4,Misiones,8.047024567428018
686,2016,4,Neuquén,17.993247493890816
687,2016,4,Río Negro,14.170250609480686
688,2016,4,Salta,7.865487548426057
689,2016,4,San Juan,6.913287316652287
690,2016,4,San Luis,2.7410268293938924
691,2016,4,Santa Cruz,7.940780215262837
692,2016,4,Santa Fe,16.345011971501133
693,2016,4,Santiago Del Estero,3.719720429331573
694,2016,4,Tierra Del Fuego,20.57132386392357
695,2016,4,Tucumán,9.349553397483637
696,2016,3,Buenos Aires,18.295308597951934
697,2016,3,Capital Federal,45.85472026772204
698,2016,3,Catamarca,6.72059087375157
699,2016,3,Chaco,7.706877803276395
700,2016,3,Chubut,11.041169584989312
701,2016,3,Córdoba,17.78550480431242
702,2016,3,Corrientes,8.161726730902307
703,2016,3,Entre Ríos,13.552371996148606
704,2016,3,Formosa,4.733748023050463
705,2016,3,Jujuy,5.76400350138348
706,2016,3,La Pampa,20.294829381412075
707,2016,3,La Rioja,4.529887087279927
708,2016,3,Mendoza,8.930444449562124
709,2016,3,Misiones,8.121652823521027
710,2016,3,Neuquén,17.862151015228427
711,2016,3,Río Negro,14.220201565227184
712,2016,3,Salta,7.955372391224448
713,2016,3,San Juan,6.939188629814689
714,2016,3,San Luis,2.7472425273887247
715,2016,3,Santa Cruz,7.932484607529773
716,2016,3,Santa Fe,16.529361932364445
717,2016,3,Santiago Del Estero,3.794480871177055
718,2016,3,Tierra Del Fuego,20.307103192524696
719,2016,3,Tucumán,9.358616360369721
720,2016,2,Buenos Aires,18.098684568289556
721,2016,2,Capital Federal,45.59375712104128
722,2016,2,Catamarca,6.632980570132604
723,2016,2,Chaco,7.642896733294073
724,2016,2,Chubut,11.074824787933132
725,2016,2,Córdoba,17.620348014320207
726,2016,2,Corrientes,8.053039893831306
727,2016,2,Entre Ríos,13.377306134693265
728,2016,2,Formosa,4.930439412017454
729,2016,2,Jujuy,5.597761384701527
730,2016,2,La Pampa,19.91385540427254
731,2016,2,La Rioja,4.4934890589340855
732,2016,2,Mendoza,8.96594364845842
733,2016,2,Misiones,7.964976216879448
734,2016,2,Neuquén,17.594175765043765
735,2016,2,Río Negro,14.224291356155328
736,2016,2,Salta,7.770812428027119
737,2016,2,San Juan,6.964997582946448
738,2016,2,San Luis,2.7487304539676813
739,2016,2,Santa Cruz,7.955357767523354
740,2016,2,Santa Fe,16.489119309020037
741,2016,2,Santiago Del Estero,3.943453095409565
742,2016,2,Tierra Del Fuego,20.081326844262296
743,2016,2,Tucumán,9.224512334342581
744,2016,1,Buenos Aires,17.53507921643952
745,2016,1,Capital Federal,43.75778412718348
746,2016,1,Catamarca,6.606879526910472
747,2016,1,Chaco,7.524734075579937
748,2016,1,Chubut,11.115931499378867
749,2016,1,Córdoba,16.972666239608547
750,2016,1,Corrientes,7.940601449315725
751,2016,1,Entre Ríos,13.142540095674788
752,2016,1,Formosa,4.858053690123639
753,2016,1,Jujuy,5.491800261988138
754,2016,1,La Pampa,19.101771424266833
755,2016,1,La Rioja,4.4969582015400285
756,2016,1,Mendoza,8.990567825336337
757,2016,1,Misiones,7.751215322654614
758,2016,1,Neuquén,16.65921009321782
759,2016,1,Río Negro,14.14929460475045
760,2016,1,Salta,7.6113150931071925
761,2016,1,San Juan,6.982387580659241
762,2016,1,San Luis,2.752950183918377
763,2016,1,Santa Cruz,8.051419802811122
764,2016,1,Santa Fe,16.157804349232396
765,2016,1,Santiago Del Estero,4.032855070541266
766,2016,1,Tierra Del Fuego,19.6541853628346
767,2016,1,Tucumán,9.127106142747772
768,2015,4,Buenos Aires,17.683348856285942
769,2015,4,Capital Federal,44.832983780989366
770,2015,4,Catamarca,6.643394374998431
771,2015,4,Chaco,7.53670916277073
772,2015,4,Chubut,11.205552103480567
773,2015,4,Córdoba,17.46916799414709
774,2015,4,Corrientes,7.950363156694786
775,2015,4,Entre Ríos,13.123962308090587
776,2015,4,Formosa,4.8305631271657905
777,2015,4,Jujuy,5.458341251601313
778,2015,4,La Pampa,19.272161272149656
779,2015,4,La Rioja,4.577775134234902
780,2015,4,Mendoza,9.015907568565332
781,2015,4,Misiones,7.766317103077486
782,2015,4,Neuquén,17.22630452981118
783,2015,4,Río Negro,14.185024658290292
784,2015,4,Salta,7.599850568087338
785,2015,4,San Juan,7.007150043164227
786,2015,4,San Luis,2.759291577250979
787,2015,4,Santa Cruz,8.143243109871943
788,2015,4,Santa Fe,16.474943169318767
789,2015,4,Santiago Del Estero,4.197822731421939
790,2015,4,Tierra Del Fuego,19.441920240938828
791,2015,4,Tucumán,9.122607419100433
792,2015,3,Buenos Aires,17.5478839831824
793,2015,3,Capital Federal,44.91109222814752
794,2015,3,Catamarca,6.5638473961451576
795,2015,3,Chaco,7.454020298824401
796,2015,3,Chubut,11.233578169758335
797,2015,3,Córdoba,17.430734989025318
798,2015,3,Corrientes,7.9251911359201195
799,2015,3,Entre Ríos,13.027710914374044
800,2015,3,Formosa,4.783639923880968
801,2015,3,Jujuy,5.423454555427568
802,2015,3,La Pampa,19.055588379965016
803,2015,3,La Rioja,4.550079085806065
804,2015,3,Mendoza,9.042401990754488
805,2015,3,Misiones,7.687041384274881
806,2015,3,Neuquén,16.195213031371225
807,2015,3,Río Negro,14.21984560217436
808,2015,3,Salta,7.525378783060509
809,2015,3,San Juan,7.027462887351242
810,2015,3,San Luis,2.7688118552652248
811,2015,3,Santa Cruz,8.159354482038923
812,2015,3,Santa Fe,16.3639671637834
813,2015,3,Santiago Del Estero,4.237302719178804
814,2015,3,Tierra Del Fuego,22.04802112197417
815,2015,3,Tucumán,9.04046893117945
816,2015,2,Buenos Aires,17.32566254457297
817,2015,2,Capital Federal,44.08485428379352
818,2015,2,Catamarca,6.475144864314208
819,2015,2,Chaco,7.341229538625331
820,2015,2,Chubut,11.215678099350221
821,2015,2,Córdoba,17.106520102782877
822,2015,2,Corrientes,7.790823368355694
823,2015,2,Entre Ríos,12.837181261223597
824,2015,2,Formosa,4.673478484721786
825,2015,2,Jujuy,5.188392481356063
826,2015,2,La Pampa,18.685329046975873
827,2015,2,La Rioja,4.494678751214943
828,2015,2,Mendoza,9.068294493026901
829,2015,2,Misiones,7.4498150149300955
830,2015,2,Neuquén,15.814175161962616
831,2015,2,Río Negro,14.14343856592951
832,2015,2,Salta,7.378443804380798
833,2015,2,San Juan,7.042097078751527
834,2015,2,San Luis,2.778618445940834
835,2015,2,Santa Cruz,8.058063850217536
836,2015,2,Santa Fe,16.093025858679276
837,2015,2,Santiago Del Estero,4.2466687085071415
838,2015,2,Tierra Del Fuego,22.095953780047246
839,2015,2,Tucumán,8.841187690702666
840,2015,1,Buenos Aires,17.241393436944044
841,2015,1,Capital Federal,43.65872499007399
842,2015,1,Catamarca,6.4030169907943355
843,2015,1,Chaco,7.143089175357747
844,2015,1,Chubut,11.585798774556789
845,2015,1,Córdoba,16.79362190248589
846,2015,1,Corrientes,7.642568763996284
847,2015,1,Entre Ríos,12.609336086982932
848,2015,1,Formosa,4.62384901660949
849,2015,1,Jujuy,5.050879913471037
850,2015,1,La Pampa,18.332348933631966
851,2015,1,La Rioja,4.462324463144091
852,2015,1,Mendoza,9.059236417534116
853,2015,1,Misiones,7.1884830279667495
854,2015,1,Neuquén,15.526250068921229
855,2015,1,Río Negro,13.99387526238606
856,2015,1,Salta,7.2946429647847415
857,2015,1,San Juan,7.039582453142129
858,2015,1,San Luis,2.790401457622043
859,2015,1,Santa Cruz,8.391896957421542
860,2015,1,Santa Fe,15.832773292036375
861,2015,1,Santiago Del Estero,4.2444689547784344
862,2015,1,Tierra Del Fuego,22.16715476458662
863,2015,1,Tucumán,8.71860866450986
864,2014,4,Buenos Aires,17.0147634301905
865,2014,4,Capital Federal,43.604620676636536
866,2014,4,Catamarca,6.459254980059493
867,2014,4,Chaco,5.81368220415458
868,2014,4,Chubut,12.22355578461917
869,2014,4,Córdoba,16.655707331301695
870,2014,4,Corrientes,6.174655065970425
871,2014,4,Entre Ríos,10.718328095183363
872,2014,4,Formosa,4.549162969289201
873,2014,4,Jujuy,4.982003512117359
874,2014,4,La Pampa,16.816524623987434
875,2014,4,La Rioja,4.496901902725229
876,2014,4,Mendoza,9.056377705209336
877,2014,4,Misiones,6.540662222041546
878,2014,4,Neuquén,15.52866412077054
879,2014,4,Río Negro,13.889530185847859
880,2014,4,Salta,7.103785883014793
881,2014,4,San Juan,7.100961754619733
882,2014,4,San Luis,2.7819569555272006
883,2014,4,Santa Cruz,8.15757414246012
884,2014,4,Santa Fe,15.657532856900755
885,2014,4,Santiago Del Estero,4.26296198713424
886,2014,4,Tierra Del Fuego,19.341882280727507
887,2014,4,Tucumán,8.693215352295233
888,2014,3,Buenos Aires,17.26299843234104
889,2014,3,Capital Federal,43.20639959292724
890,2014,3,Catamarca,6.269890252791938
891,2014,3,Chaco,5.627757222300207
892,2014,3,Chubut,12.388234071451354
893,2014,3,Córdoba,16.5601374978714
894,2014,3,Corrientes,5.9862826719116935
895,2014,3,Entre Ríos,10.433826435850124
896,2014,3,Formosa,4.5129252671268265
897,2014,3,Jujuy,4.68339443034039
898,2014,3,La Pampa,18.33753400191527
899,2014,3,La Rioja,4.379035874747908
900,2014,3,Mendoza,8.992236937014606
901,2014,3,Misiones,6.399773666851879
902,2014,3,Neuquén,16.726688649309313
903,2014,3,Río Negro,14.159932806209634
904,2014,3,Salta,7.053549273694012
905,2014,3,San Juan,7.0752480415613945
906,2014,3,San Luis,2.770051341285783
907,2014,3,Santa Cruz,8.34323913237982
908,2014,3,Santa Fe,15.437988654617879
909,2014,3,Santiago Del Estero,4.082169590293595
910,2014,3,Tierra Del Fuego,19.344392262780588
911,2014,3,Tucumán,8.381678430058432
912,2014,2,Buenos Aires,16.794925434991658
913,2014,2,Capital Federal,42.974776961427445
914,2014,2,Catamarca,6.284355435383139
915,2014,2,Chaco,5.602127567276613
916,2014,2,Chubut,12.696289361395674
917,2014,2,Córdoba,16.365408420405306
918,2014,2,Corrientes,5.945267054468535
919,2014,2,Entre Ríos,10.372072065869386
920,2014,2,Formosa,4.464869672895974
921,2014,2,Jujuy,4.784095434078587
922,2014,2,La Pampa,16.379048903362197
923,2014,2,La Rioja,4.3933834187878436
924,2014,2,Mendoza,8.95860097015214
925,2014,2,Misiones,6.365807425994047
926,2014,2,Neuquén,15.137568029498313
927,2014,2,Río Negro,13.946569423268942
928,2014,2,Salta,7.004015501526469
929,2014,2,San Juan,7.077771062624967
930,2014,2,San Luis,2.781512264860477
931,2014,2,Santa Cruz,8.744673181156902
932,2014,2,Santa Fe,15.216957428230305
933,2014,2,Santiago Del Estero,4.143683147939005
934,2014,2,Tierra Del Fuego,19.08631433655622
935,2014,2,Tucumán,8.409488588173268
936,2014,1,Buenos Aires,16.692346018019045
937,2014,1,Capital Federal,42.655071630586406
938,2014,1,Catamarca,6.184614520776599
939,2014,1,Chaco,5.553671463702625
940,2014,1,Chubut,12.703590133239262
941,2014,1,Córdoba,16.125183143749393
942,2014,1,Corrientes,5.891708288681968
943,2014,1,Entre Ríos,10.302247104839328
944,2014,1,Formosa,4.444467754793774
945,2014,1,Jujuy,4.724302778829112
946,2014,1,La Pampa,15.994061954006705
947,2014,1,La Rioja,4.353174900044055
948,2014,1,Mendoza,8.933318322823283
949,2014,1,Misiones,6.323160981949705
950,2014,1,Neuquén,14.882265766507492
951,2014,1,Río Negro,13.867842232252002
952,2014,1,Salta,6.976877486214764
953,2014,1,San Juan,7.050796578649686
954,2014,1,San Luis,2.684668505334274
955,2014,1,Santa Cruz,8.677326900880571
956,2014,1,Santa Fe,15.077800919408592
957,2014,1,Santiago Del Estero,4.058899015580628
958,2014,1,Tierra Del Fuego,19.10492102645171
959,2014,1,Tucumán,8.307214637543202
